20 
19 
178 178 178 178 178 178 178 178 178 178 178 178 178 178 178 178 178 178 178 178 
178 46 46 46 46 46 46 46 46 46 46 46 46 46 46 46 46 46 46 178 
178 46 178 178 178 178 46 178 178 178 46 178 178 46 178 178 178 178 46 178 
178 46 178 178 178 178 46 178 178 178 46 178 178 46 178 178 178 178 46 178 
178 46 178 46 46 46 46 46 178 178 46 178 46 46 46 46 46 178 46 178 
178 46 178 46 178 178 178 46 178 178 46 178 46 178 178 178 46 178 46 178 
178 46 178 46 178 178 178 46 178 178 46 178 46 178 178 178 46 178 46 178 
178 46 178 46 178 178 46 46 46 46 46 46 46 46 178 178 46 178 46 178 
178 46 178 46 178 178 46 178 178 46 178 178 178 46 178 178 46 178 46 178 
178 46 46 46 46 46 46 178 46 46 46 46 178 46 46 46 46 46 46 178 
178 46 178 46 178 178 46 178 178 178 178 178 178 46 178 178 46 178 46 178 
178 46 178 46 178 178 46 46 46 46 46 46 46 46 178 178 46 178 46 178 
178 46 178 46 178 178 178 46 178 46 178 178 46 178 178 178 46 178 46 178 
178 46 178 46 178 178 178 46 178 46 178 178 46 178 178 178 46 178 46 178 
178 46 178 46 46 46 46 46 178 46 178 178 46 46 46 46 46 178 46 178 
178 46 178 178 178 178 46 178 178 46 178 178 178 46 178 178 178 178 46 178 
178 46 178 178 178 178 46 178 178 46 178 178 178 46 178 178 178 178 46 178 
178 46 46 46 46 46 46 46 46 46 46 46 46 46 46 46 46 46 46 178 
178 178 178 178 178 178 178 178 178 178 178 178 178 178 178 178 178 178 178 178 
